72
93
21
83
57
17
75
50
19
38
90
29
40
71
66
6
56
74
17
40
5
16
61
82
94
23
86
70
87
13
98
97
70
71
70
57
24
5
88
14
6
64
50
7
66
23
40
85
72
28
79
20
26
93
16
67
39
63
4
90
67
59
6
8
83
86
17
47
85
46
24
47
98
70
49
83
77
85
48
14
49
90
50
23
75
58
25
87
14
75
72
16
13
31
61
69
92
86
86
34
43
45
21
45
57
31
58
78
38
75
79
50
27
33
75
96
72
62
8
67
27
52
50
19
50
98
77
73
72
85
70
17
83
68
75
5
72
74
85
81
8
62
7
95
7
32
61
18
82
5
71
89
85
22
27
87
23
96
34
52
34
81
69
76
16
86
39
90
60
58
23
68
76
25
39
3
91
63
15
55
55
80
43
29
47
58
88
51
94
8
91
10
47
38
56
71
70
36
68
92
63
40
72
95
72
74
30
84
62
4
41
54
24
40
28
46
78
65
41
39
24
20
9
86
23
34
75
55
61
38
31
54
77
21
38
73
18
51
64
63
96
58
65
43
50
63
65
3
57
44
93
68
88
77
29
65
60
76
42
92
22
49
85
10
14
58
25
83
4
41
69
69
64
74
15
88
4
46
34
67
96
70
90
49
74
97
45
49
85
21
79
34
39
27
57
78
71
39
89
75
16
25
95
75
38
80
24
63
5
93
25
31
75
21
40
3
45
92
91
73
17
53
54
50
28
7
72
43
25
24
52
62
74
25
40
23
42
42
66
97
49
75
33
98
50
69
91
16
34
70
49
80
64
39
32
71
54
57
80
72
63
29
49
90
72
6
78
54
6
97
54
72
6
60
43
10
44
31
94
78
81
65
93
51
83
64
12
69
48
35
68
30
24
64
95
12
78
58
16
33
48
76
91
30
88
13
37
18
19
89
55
32
81
77
38
66
61
68
42
11
79
26
95
80
56
85
15
3
19
57
16
96
68
21
35
11
71
83
29
55
40
44
14
49
27
60
56
56
41
32
82
66
81
58
3
45
65
92
93
33
52
83
95
45
37
10
90
83
82
19
85
97
38
75
27
52
34
56
72
85
92
19
76
8
8
29
12
61
96
50
19
78
41
39
58
79
76
34
52
56
35
73
9
40
51
93
49
50
57
34
11
16
32
73
55
50
21
24
23
19
87
68
52
28
30
76
38
71
94
29
4
47
25
73
7
52
30
83
58
97
81
19
96
52
72
9
93
11
39
52
15
94
83
9
14
57
8
25
18
10
48
86
33
21
80
81
72
67
94
92
47
26
23
81
22
10
98
13
92
41
36
86
52
27
77
34
67
64
21
92
52
31
44
15
50
70
39
44
63
85
27
51
3
39
44
57
51
84
40
8
15
80
60
30
34
33
93
42
75
60
91
6
55
75
30
60
89
10
97
31
22
85
77
11
79
27
69
23
52
12
19
35
37
92
45
62
3
22
57
66
81
85
7
14
61
71
88
77
33
21
81
92
36
66
32
27
79
42
36
18
82
67
60
59
53
65
11
30
14
90
5
49
24
77
57
43
50
10
87
26
96
30
61
63
6
94
33
71
20
48
20
96
13
78
14
22
83
96
76
6
70
36
80
30
9
48
19
24
98
84
80
61
17
36
76
55
87
15
20
72
76
97
48
52
80
59
76
68
64
61
23
20
10
67
26
36
54
93
45
84
62
33
56
33
3
50
69
90
89
98
80
19
35
57
62
21
69
35
86
37
44
33
12
92
7
80
89
90
78
65
97
88
74
10
11
22
90
10
82
6
6
38
45
84
40
47
27
75
59
41
69
67
56
87
65
95
54
72
10
57
22
70
78
45
88
14
68
67
14
97
91
33
30
33
82
17
21
26
53
63
13
76
63
19
51
30
6
69
92
52
90
69
82
42
94
31
76
36
38
86
39
77
95
30
20
54
26
12
26
53
67
50
95
3
42
94
30
53
96
89
24
4
96
27
38
75
90
68
24
45
45
58
67
30
57
37
19
77
52
89
67
24
20
61
35
36
77
19
72
44
58
94
61
19
93
39
40
15
25
89
11
55
59
25
75
16
33
88
9
43
37
69
16
48
18
86
26
27
13
5
87
33
36
28
34
67
61
58
7
7
28
59
94
78
93
6
93
73
50
75
73
90
61
24
63
80
56
94
59
84
84
93
65
63
50
31
22
11
76
54
55
88
5
56
27
31
28
30
88
30
15
25
35
74
59
51
41
48
73
46
25
50
50
42
59
82
64
3
25
93
60
42
26
47
13
63
5
28
16
34
51
3
60
68
23
57
18
35
93
21
72
98
76
81
16
63
74
52
62
16
91
98
16
3
61
26
53
91
12
68
36
76
74
73
46
37
51
74
39
40
28
77
47
69
8
31
78
29
66
52
36
96
44
21
65
8
66
38
19
94
65
55
32
34
18
84
6
10
5
8
30
40
39
78
50
21
91
89
38
56
15
44
83
73
51
5
36
30
48
45
17
66
19
26
9
65
42
19
45
26
81
84
23
88
80
90
32
72
93
80
78
54
66
98
21
54
40
85
38
62
20
81
63
68
35
76
18
37
92
30
72
30
47
92
64
20
56
31
78
11
5
82
52
71
44
12
88
26
25
70
66
5
26
61
40
60
36
76
95
66
3
39
52
59
76
80
46
61
26
21
7
67
43
55
7
13
58
24
87
83
6
86
33
43
72
82
43
4
9
45
87
84
65
62
97
93
91
50
53
32
89
32
81
46
70
13
7
34
35
8
25
18
81
47
43
67
76
31
62
56
53
22
47
84
77
69
23
69
98
14
9
32
8
89
31
52
94
86
33
50
69
4
19
10
59
26
22
98
41
75
76
3
53
28
6
59
92
19
29
49
84
23
52
11
28
68
53
82
91
18
77
68
25
33
21
12
41
63
68
60
27
39
90
68
78
78
92
11
62
53
16
78
26
92
49
27
53
15
34
60
36
9
57
10
17
85
7
36
30
84
9
9
8
34
93
59
12
94
69
29
60
89
65
45
29
5
56
61
48
52
22
23
33
4
89
31
61
82
67
66
56
56
61
94
95
81
86
49
4
6
82
27
27
78
39
83
37
73
5
32
38
97
92
20
7
58
54
30
53
68
38
89
81
6
10
48
20
64
8
88
13
31
86
78
77
64
84
22
91
73
39
68
32
98
58
52
57
12
42
95
9
96
96
61
45
8
4
80
69
74
31
71
98
41
94
95
49
66
26
31
64
49
62
32
58
68
17
56
28
55
28
59
77
88
89
85
84
53
30
12
46
92
36
28
77
19
80
96
4
32
41
24
43
57
47
25
87
31
91
21
74
14
64
8
12
47
74
36
75
6
84
64
12
15
45
58
15
57
16
50
83
47
40
49
88
11
55
79
37
23
42
80
93
85
38
11
64
66
25
17
74
20
18
73
82
86
26
67
86
94
77
89
67
53
63
17
37
23
85
61
73
63
58
16
91
26
18
69
56
77
75
32
8
89
34
91
28
74
85
37
38
97
88
40
86
50
79
49
41
19
88
37
73
50
6
45
33
37
43
54
52
5
52
38
28
38
88
44
84
28
50
59
65
20
33
59
80
54
82
16
63
28
69
25
50
55
70
74
74
57
91
35
94
75
4
35
51
45
38
28
21
94
61
85
9
85
17
64
72
11
93
53
11
88
37
33
66
35
92
84
97
69
24
91
81
5
21
37
18
52
78
61
45
35
67
52
9
91
4
78
51
44
67
44
65
50
28
61
56
36
25
64
50
21
8
89
14
75
86
93
33
92
82
4
98
36
51
35
9
22
83
89
51
19
18
78
98
64
62
19
46
47
47
98
89
27
24
48
74
29
33
23
97
23
32
17
65
65
72
31
65
18
27
5
29
96
4
92
84
82
26
57
54
16
48
10
16
43
26
45
5
98
97
26
51
77
87
53
32
4
27
65
52
52
29
61
55
93
94
44
67
63
44
43
87
44
62
27
73
93
94
87
86
72
51
4
12
49
28
31
67
53
73
89
75
30
30
16
86
40
29
86
36
71
58
11
48
90
85
55
4
88
98
16
60
77
38
26
55
88
15
82
76
88
69
83
73
83
30
30
92
82
50
9
24
57
6
96
9
39
70
40
15
6
81
76
31
33
34
46
89
15
71
45
70
93
20
33
31
41
20
18
78
89
83
87
54
87
81
21
21
4
39
25
86
3
73
98
24
42
55
89
67
49
67
17
4
72
89
23
81
80
53
12
86
20
28
49
9
13
32
38
52
55
24
3
52
74
62
36
72
93
95
67
23
92
50
37
31
58
80
94
28
95
88
32
27
85
40
53
9
49
22
15
88
5
22
14
64
86
24
85
35
74
34
89
38
75
97
12
19
83
75
60
73
76
10
3
98
37
78
67
45
76
94
45
78
12
18
62
12
45
26
46
54
26
78
39
13
38
32
34
40
47
49
51
45
22
9
63
35
60
61
18
67
45
20
73
31
74
14
44
25
53
50
10
72
22
82
63
18
24
62
82
72
70
93
65
87
97
28
28
26
88
81
38
37
68
86
50
18
62
37
90
79
27
27
25
63
31
88
79
46
28
19
31
21
97
19
40
5
57
62
87
32
34
95
61
83
44
35
69
62
57
86
80
82
55
10
44
46
30
31
31
66
29
21
41
32
47
88
76
35
15
42
76
28
62
29
62
28
75
90
90
81
82
74
61
17
88
35
88
47
88
95
65
24
67
73
77
3
68
93
96
13
84
52
82
59
44
8
45
13
40
52
29
86
39
7
77
23
43
73
93
59
35
47
58
63
21
90
88
43
69
58
37
88
31
27
91
3
3
50
86
4
50
52
21
58
87
71
52
22
70
73
5
8
57
94
22
6
34
41
19
54
28
97
42
97
9
51
9
45
10
63
44
33
60
60
85
87
73
84
38
71
7
56
93
49
89
95
43
47
27
32
60
51
83
33
40
37
63
45
67
42
44
57
96
66
83
75
20
73
52
20
50
26
75
69
9
80
92
59
64
47
19
95
58
37
58
48
45
33
89
77
82
10
83
51
67
55
73
40
27
73
80
36
12
41
76
70
94
48
94
24
9
23
76
47
71
19
14
55
48
21
84
17
28
53
8
47
70
92
83
46
7
32
88
46
67
87
47
18
88
51
26
41
57
12
89
24
57
15
16
19
51
86
56
93
68
70
89
44
17
38
50
90
94
23
33
87
28
67
10
28
30
14
65
59
52
57
96
89
71
11
18
89
28
11
6
9
78
54
32
41
38
64
91
79
40
52
49
66
95
39
61
17
81
14
28
78
92
94
89
35
42
43
44
47
17
89
66
95
86
14
78
24
87
70
63
90
61
86
65
31
85
35
42
58
73
93
12
35
42
41
68
82
18
9
21
53
8
29
87
87
88
77
93
25
39
55
34
90
6
75
23
8
24
81
34
21
15
12
55
14
13
30
84
35
32
74
86
92
40
21
95
29
7
81
47
40
15
92
49
58
34
13
34
40
61
34
67
61
85
55
30
12
27
13
62
88
92
70
22
31
58
25
91
68
28
29
65
26
74
84
52
30
98
51
26
27
52
8
70
42
77
77
18
48
18
34
17
80
78
3
35
8
84
83
89
7
40
85
56
32
56
51
75
69
80
93
11
32
30
64
90
8
32
11
83
26
81
33
36
17
68
56
57
73
30
51
22
59
56
71
18
94
19
74
3
12
89
39
77
57
89
87
28
6
26
5
88
86
81
67
74
40
95
90
91
28
18
22
70
81
37
66
53
48
21
31
64
14
94
11
96
78
55
47
17
32
25
79
45
5
52
20
58
29
57
97
46
12
58
6
59
51
31
78
91
74
50
98
40
76
87
74
83
48
98
16
77
66
21
63
24
73
97
88
37
17
28
92
21
95
26
5
97
59
54
6
84
49
11
50
10
78
80
21
9
49
64
61
27
23
4
71
89
21
93
39
5
12
68
72
67
89
20
47
6
80
3
24
17
77
33
65
19
27
93
27
17
51
72
60
33
95
92
51
78
61
79
69
27
8
75
61
73
22
76
42
27
51
33
48
86
77
68
69
16
93
85
54
84
18
71
55
88
96
43
68
69
52
95
95
39
53
87
47
54
34
32
45
82
86
11
14
71
22
91
94
4
51
27
54
32
22
10
87
63
12
9
69
10
85
18
88
94
22
4
64
21
45
19
64
29
64
61
58
93
68
64
29
71
90
44
13
14
22
38
59
66
37
93
5
6
96
25
43
18
55
29
75
34
37
37
32
63
4
51
3
90
21
10
27
8
48
77
11
11
6
66
51
71
20
8
72
91
50
47
55
3
75
29
68
89
71
87
10
41
76
3
47
60
22
77
8
45
11
50
94
69
37
51
36
34
75
39
76
87
87
91
21
36
40
46
8
8
79
25
6
22
40
95
76
91
79
94
16
70
54
13
87
77
96
34
44
24
95
33
7
93
69
61
23
87
25
57
78
59
20
74
27
15
68
69
55
20
60
24
56
68
32
15
66
50
4
21
39
60
64
42
96
72
79
66
30
47
34
43
89
3
81
46
30
65
19
56
59
40
37
34
5
16
58
23
14
13
10
89
82
44
78
87
68
83
9
89
56
55
54
14
84
74
62
51
45
23
90
26
85
58
81
56
31
17
83
38
95
57
31
50
42
70
59
70
46
95
57
59
43
93
94
39
9
94
63
29
34
25
5
19
44
65
44
44
98
22
34
73
15
62
92
92
6
92
23
47
46
86
59
54
65
8
77
50
11
13
24
44
80
74
5
53
43
61
55
32
12
7
78
35
14
55
75
78
68
73
33
94
19
13
51
5
20
7
63
96
79
18
33
94
58
70
63
79
53
93
46
18
82
64
27
69
6
38
72
53
95
7
12
55
36
68
95
11
40
51
86
81
98
73
5
19
68
78
4
45
81
77
74
6
75
59
62
10
58
95
45
27
77
51
17
39
85
17
33
71
27
89
51
47
24
94
86
54
13
8
33
9
9
35
86
31
81
19
62
12
53
37
56
90
14
23
5
30
16
78
4
6
64
67
6
46
92
22
80
30
78
34
56
71
84
74
11
70
10
57
78
48
44
5
31
17
87
59
20
29
80
7
50
92
48
84
84
45
40
74
25
56
67
17
97
72
41
9
23
80
71
26
32
15
74
22
17
9
20
48
15
78
21
92
53
71
67
76
88
28
36
66
97
45
11
89
19
82
42
21
90
15
37
58
44
16
30
38
40
14
5
38
72
68
50
44
67
19
53
98
45
32
58
47
38
66
44
77
29
83
22
4
74
76
52
78
18
55
18
35
8
83
15
6
65
57
65
60
36
81
62
65
9
91
47
42
44
75
73
17
69
3
53
26
54
62
11
60
11
26
72
5
21
34
25
52
87
67
74
41
91
4
4
90
15
17
35
69
39
61
48
3
62
91
8
47
37
38
68
32
64
12
81
18
95
78
85
97
60
17
80
17
49
64
87
25
25
3
11
75
3
61
78
50
48
3
76
29
53
86
12
8
17
54
94
89
51
81
13
65
84
12
43
37
92
45
86
7
98
71
95
19
9
6
92
55
60
55
61
60
50
73
79
52
10
75
9
90
36
28
13
19
14
33
23
56
25
58
33
5
26
98
48
46
40
96
58
30
6
39
5
36
6
28
80
74
18
11
10
13
33
47
37
6
50
50
13
58
11
7
67
62
92
27
17
79
83
65
11
49
65
58
90
40
21
46
91
23
80
55
52
37
42
45
27
97
98
58
61
28
53
78
31
63
71
44
55
55
98
17
24
75
84
94
92
76
86
94
50
35
15
24
55
98
34
80
92
58
71
39
40
92
11
13
72
81
91
62
55
46
76
63
29
50
17
12
88
70
80
20
81
21
41
92
53
58
93
8
8
33
36
43
50
84
35
52
19
19
80
6
3
79
44
88
65
42
7
67
59
57
15
35
62
43
88
19
32
17
57
65
60
36
63
29
25
10
37
92
8
13
27
66
45
5
24
24
28
77
51
72
17
79
57
75
91
43
45
12
51
36
17
93
58
74
73
66
46
53
11
31
34
79
83
45
18
58
93
5
85
82
68
39
29
22
45
27
78
36
74
44
51
15
28
16
10
31
40
71
75
52
80
9
68
15
11
10
53
37
87
9
24
22
92
31
26
72
73
98
42
60
80
44
39
44
32
27
16
68
7
62
51
87
8
40
65
45
51
41
17
8
84
46
15
93
25
23
60
76
77
21
72
46
59
29
9
15
56
85
6
25
75
48
60
50
58
85
38
73
25
88
62
86
50
61
97
96
76
73
80
93
44
76
4
27
94
24
61
62
35
72
63
80
70
24
7
31
16
6
95
55
38
90
81
50
91
46
87
29
40
52
84
87
48
35
56
8
19
86
51
40
27
68
32
24
53
37
33
73
77
21
84
86
78
77
95
32
78
31
53
58
29
6
4
45
40
28
15
61
18
37
26
84
63
81
97
32
61
90
63
37
15
68
49
8
54
30
30
74
77
10
20
52
49
48
44
51
56
90
81
92
25
76
49
92
68
25
60
77
45
40
74
59
23
12
38
54
82
65
68
77
33
25
89
96
36
90
73
74
79
27
29
49
92
29
63
93
73
82
59
55
47
48
81
81
39
22
54
6
70
88
53
78
9
15
18
25
23
72
28
49
3
81
70
87
42
26
16
70
36
31
92
22
13
85
60
49
43
97
27
27
37
56
74
3
31
51
11
44
94
67
35
60
63
6
71
65
33
76
50
19
38
65
91
80
71
78
74
75
14
93
38
44
64
38
64
22
20
23
47
62
73
11
84
54
32
84
6
53
58
95
90
17
96
90
90
8
35
26
28
76
54
72
82
66
83
53
73
92
60
76
11
90
62
68
67
53
43
80
8
13
49
24
93
59
29
66
93
70
7
68
91
82
36
23
9
68
60
45
43
95
89
56
19
96
57
87
57
70
61
57
69
21
92
47
39
82
35
70
23
71
91
83
69
28
60
91
40
71
65
18
61
19
28
7
11
40
49
32
5
13
8
22
36
69
73
86
65
66
3
36
77
15
46
58
77
37
3
27
55
95
41
7
72
17
50
78
7
69
10
74
52
44
57
90
97
36
82
58
38
20
51
30
78
67
68
15
74
24
11
49
68
91
72
68
17
92
40
82
71
74
5
73
95
46
81
97
25
51
15
41
66
80
63
24
57
3
43
42
86
39
91
78
15
4
28
42
4
9
98
95
47
26
21
85
38
14
35
9
56
93
5
21
63
44
58
93
28
3
42
18
31
76
87
8
98
12
95
63
58
73
7
25
86
8
60
71
70
72
63
26
63
50
53
59
83
65
39
96
29
25
68
30
54
33
64
14
13
50
53
29
91
43
48
50
94
73
3
81
27
60
18
66
19
62
63
22
46
27
12
97
38
34
13
65
14
41
10
50
53
25
66
96
68
51
71
48
71
53
77
29
34
70
30
66
96
51
22
78
76
42
34
28
59
68
37
86
53
70
83
34
6
28
86
95
15
34
65
55
98
60
24
6
17
72
9
88
41
95
83
52
95
17
63
79
51
57
8
71
54
77
95
41
4
34
90
14
43
65
16
77
82
62
14
62
61
96
59
5
89
33
3
86
12
68
83
12
12
73
60
38
75
81
15
82
69
45
61
81
66
67
46
26
65
97
45
49
46
48
77
49
93
14
70
95
7
98
89
94
91
94
13
74
62
82
25
66
11
6
87
49
17
78
75
64
60
23
97
48
24
16
21
76
46
47
5
65
23
66
98
24
57
26
79
22
76
89
54
80
39
48
20
61
51
63
58
23
9
39
66
79
7
86
30
14
53
55
23
31
90
5
98
21
21
93
77
89
54
29
16
71
77
10
16
61
61
31
58
38
37
47
78
61
81
68
35
58
95
97
60
58
21
4
81
89
7
21
19
52
52
26
68
48
48
92
87
96
9
50
37
23
71
6
64
9
69
51
5
86
3
43
53
42
11
71
66
21
80
98
14
79
51
29
60
91
67
80
86
63
29
37
52
6
68
72
17
78
86
48
82
7
47
89
82
29
55
14
35
35
59
28
72
32
41
55
16
70
27
78
38
26
90
7
72
44
84
88
70
81
32
65
76
42
74
29
50
16
88
58
74
62
10
85
32
45
42
60
6
60
26
51
9
19
64
71
50
48
59
54
22
87
70
54